141080431
500120072
778020712
264070401
881060911
591110872
427160132
304020720
392180712
816030621
147090507
838010807
567120834
994050057
822040626
264170288
453120503
744020831
337030128
841191002
716180912
142110289
140180455
248180000
690130364
150180153
193030366
123050743
856080170
276130139
844030610
623120233
918161019
441130590
239191009
130080185
273060106
945160400
970070525
373020852
686040559
736110075
355040721
452110824
841020505
830010339
107110728
687100168
645050422
858070878
222140544
530040499
100100762
855140435
724030379
283140010
102131006
336010885
196080680
799130571
281160491
299090952
700020000
567170546
448050203
721060518
413031024
516100897
900091003
156180518
924120399
309040136
595160327
943110814
614011013
100070727
880170699
981130492
209100633
322190502
738080836
957170532
115050608
811130288
972180955
246040897
975020846
442110503
381060169
751190473
957010889
189160830
900090389
869020884
901180241
323030759
882140737
926081029
932090164
454140258
276130561
892110206
834130635
612110438
218090571
823050000
587160857
437110768
293110913
716130701
288110368
634170078
816110513
663170070
685010953
108080771
813120171
758150305
581170959
522150763
235020292
666190374
292020973
324040691
345010491
313170231
468160226
105010980
402110443
914040825
634150411
459080163
387140712
177090797
963170547
585070978
513150201
599040818
743040862
372080330
503070906
693170445
492090143
786160333
387130931
474060478
335090065
660130858
185080878
294030574
219150004
194070378
371050186
193060510
218110877
752190679
560050864
357050341
676170520
358180798
782020111
887160928
925060164
528021018
702100109
396190555
395110696
260040896
630180168
271120046
553180301
624090481
540050693
429060132
158060603
507040866
958050074
260070260
277050863
587130704
160170148
484050308
611110058
956150767
923180693
816100566
526020626
871070528
396160291
312011044
885090700
829060886
359100445
255150383
984050027
872060238
132050840
783080910
267020568
438080102
454180146
475040240
621120893
534160352
550120423
301050523
837090010
293180628
762170997
400170621
155140453
762030026
724050847
543010711
240020824
372030087
217120079
195060438
340151022
290060400
890120292
514080615
544130649
759060583
164040511
329130434
592130693
856120098
267050893
740100228
901190772
683150786
724040297
559190549
227060900
886050000
987010506
603160002
406050242
671010962
564010079
313170165
418100745
105010732
403090811
547070851
371190887
375040326
546030642
962020032
489160030
640110962
518070285
523010971
252140685
163040194
123110345
969180223
128020324
388030820
909150997
281190528
708180231
958080247
746080691
343090211
848150543
183031057
885120673
529170615
223150177
566030701
918090895
425130197
149031006
615110986
975120935
696120729
726110812
229180575
926150105
493010651
436160495
694030828
636010070
555110855
330150864
311070806
890010590
134180284
816060721
162021011
203080720
856100149
717161028
728100554
718160941
855080593
303040494
909090049
689100546
253170964
102130558
569060696
208130339
403160726
504060722
213040333
222190634
210030693
908080413
293190455
737020223
400070179
817080301
715190294
612010642
254010171
284020372
215060488
215110000
798100792
677130096
889150650
441140934
763100029
578180833
185080755
633100587
895020339
776180775
898010127
286090373
649090143
679100438
405150339
416150141
387150096
540180000
962040926
609050257
273020149
445190991
631140563
418070298
107060140
536040106
809160900
690150074
452191052
408060249
312190886
339040532
104080630
169180053
423180333
659060669
596150036
558070352
492120306
847100810
307150914
592020806
199050316
482060541
175110275
836120361
197010000
816040887
825020659
320160331
847030760
975180792
354050484
714040422
769190151
775080113
575090762
734130898
564070460
761100815
469040331
550120541
210160640
437060218
536071004
191030850
805110000
237130502
170170145
481140720
473060006
976110485
472110942
474130782
311170879
419060261
485060302
815070488
266010976
109120593
673140736
672180990
931090804
710140872
779120142
682110986
464160873
602150670
574130607
122130084
889050142
694040524
854060360
972150098
612020214
208090172
223060089
804070838
158170641
166060664
692140568
956090206
621030247
631080255
948091050
518060981
611120353
690120438
286100580
943030108
268090300
796140357
627070000
897080637
327170798
608100818
937150977
101110363
411110309
492050394
781140938
713150696
372120812
701100855
477190307
964040321
823060116
779110681
627180372
382040449
587010610
351130137
960070320
142080123
928090398
118100321
665010329
357010470
698020871
963030924
578180392
165060246
586010407
830180585
792150762
566130675
899050167
582170960
669020476
408010764
432081045
664070315
749140795
289150186
148161033
274051045
300160757
597160676
178170200
740070756
125101054
392190887
811080500
140120729
629150771
991060661
149190359
471170789
493090560
426120508
382070845
718081023
849100193
580190484
408170112
170040777
474150988
219180115
390020395
316120833
141120711
262140846
915160295
436030437
132190595
140020335
670160242
149100341
505150972
196040368
378170846
677050019
429130740
978140274
299050114
493170875
543100222
368010810
673040435
351170377
346130807
329040209
591180616
146100983
915110425
940090589
551100997
362041038
394050473
465060541
361080906
778140348
547190324
375130758
849150151
714090307
532090409
722050639
641030864
505140114
338110583
908090098
659040482
766171057
328160965
553180107
903120252
382050784
606140265
296110816
255120033
418150648
974140152
474070765
835090583
153170501
880100827
250151006
799110697
416031022
845030108
750041009
787040578
743100490
829040433
976020138
890090757
972190325
420040883
758120684
578031031
271150130
597020252
329140993
984040299
117020831
184090681
828180000
190060346
186140102
110060235
515150780
980100271
387070713
207060117
274090965
671010720
185190338
604081004
668150376
600010543
438030169
789090877
593060670
961100335
601170507
465080144
784171056
621080781
472090680
743060313
880180015
313030808
316030409
940140762
479050505
653060351
165070204
835090217
555060421
608180826
302020855
640171007
485100743
136050188
708020532
476110571
640120059
573081058
935120463
807140675
641180247
168170730
125111007
236100844
843030743
922150110
918060842
814100675
735160028
395121057
479170856
591180625
152180266
629130073
253020983
614090887
563190862
964140526
705180887
887090982
723040175
690110759
571190967
670110025
655040000
606150531
187020672
388010204
793160995
165110392
207100165
534140840
498130363
818060351
272150076
564180155
990050178
927190588
971040205
863130295
421100104
595130825
412070505
955180211
979130784
154090640
945120278
790130571
404150380
378050505
630090026
894180484
587150798
616080446
438160744
397090380
824050846
274130091
493090673
661190288
184160710
719140376
484060048
383190509
825080776
128010290
937180299
395140146
793090250
180180022
584180489
790030318
751080901
574010791
589080931
639140040
963070072
105120833
895170833
598040922
815120036
626130867
628040909
978170221
943130432
249060581
802100739
346141035
513170790
290060431
426040313
682010796
705040082
122140366
260070734
711060660
125040343
742020332
902180968
823060251
448130891
636140968
456180916
362150295
756130105
944140882
788030877
719090965
683090585
442040228
954140408
557010928
690010555
233090113
811150951
141100975
652050110
202100852
202150715
795160829
761030826
399010906
542020589
147060043
880120084
610020961
373010977
403120517
754130347
674070052
544160235
718110724
752030127
131070000
569110000
903110826
253070312
588140503
950020047
411091002
780100624
276150081
315090068
779050865
283170602
462110323
222020785
186040242
317190830
567090079
589080567
881040940
528170595
752020594
164030042
328041032
610070714
136100094
740010048
593020350
493180136
461170862
807110837
523170403
440190057
483120320
345100228
465070504
209190437
550050022
275170872
671130044
904110577
900110531
518170206
928140057
998050578
435060930
767020457
361130320
570070380
955130515
660030448
233150426
826140280
259160843
373060756
433040430
190150626
468130797
189040395
947190540
769060107
349141031
423030383
254080581
485060626
693180789
453090601
784010024
248040640
311170717
127090402
799140560
606150913
958110224
747190041
464080997
889090000
412120475
376090990
386010676
187150983
990100482
355090771
402070933
424160383
932080117
446190731
183050523
760120801
521130063
427170371
351180395
234020841
410100670
656090011
235120316
125080682
312020306
105080796
692040442
246030006
815190838
229130524
199040548
775010643
373100359
897070360
403080994
434160341
482080011
578110961
821050658
877180356
881010115
162190088
895010685
837101017
684120821
921010693
668060068
257190761
164190563
972060951
315160640
657170174
952170848
229030777
198080310
674100097
738040500
329160839
578110558
700010744
705150922
467190554
384090705
934140282
185160149
842091020
618060767
197110157
969080072
893020605
202040317
119110526
684110425
708090389
814011053
274170618
854130000
698030909
221010397
856040473
708170664
986141009
342090000
661120850
678190127
563070348
715080657
812090824
151140702
124090203
584170342
189140556
990130038
555070900
472160997
143161005
751020422
632170152
203080898
992180330
592110290
672180066
605160853
862130190
138190117
471040496
814070731
589090401
156040108
639110508
183170734
505060567
286130917
142060732
756120657
554160759
860010395
538130048
498190970
553160666
916070174
307030610
447170001
817080762
214180712
534170462
792030477
966180899
475150269
500170125
179180334
289050362
272020823
861080100
446170547
557130370
264150890
437110918
611170378
332020599
891090693
698020394
400070387
617190815
641180632
828180685
573091003
569030451
267170081
830110182
367050882
187010440
745070932
771100984
192160786
605090054
880160460
275080976
877190389
104050246
144110959
818010395
627190815
879120436
796020936
230080191
249100001
160090624
333120147
671150878
741030774
266100363
570190924